0 FILE 4484 - X-Wing Fighter & TIE Advanced.ldr
0 X-Wing Fighter & TIE Advanced
0 Name: 4484 - X-Wing Fighter & TIE Advanced.ldr
0 Author: Merlijn Wissink [Legolijntje]
0 !LDRAW_ORG Model 
0 !LICENSE Redistributable under CCAL version 2.0 : see CAreadme.txt

0 !THEME Star Wars

1 16 0 0 0 1 0 0 0 1 0 0 0 1 4484 - X-Wing Fighter.ldr
1 16 190 -24 30 1 0 0 0 1 0 0 0 1 4484 - TIE Advanced.ldr

0 FILE 4484 - X-Wing Fighter.ldr
0 X-Wing Fighter
0 Name: 4484 - X-Wing Fighter.ldr
0 Author: Merlijn Wissink [Legolijntje]
0 !LDRAW_ORG Model 
0 !LICENSE Redistributable under CCAL version 2.0 : see CAreadme.txt
1 15 0 0 -50 0 0 -1 0 1 0 1 0 0 3023.dat
1 19 0 0 0 0 0 -1 0 1 0 1 0 0 3623.dat
1 15 0 -8 -70 0 0 -1 0 1 0 1 0 0 3023.dat
1 320 0 -8 -10 0 0 -1 0 1 0 1 0 0 3710.dat
1 15 0 -16 -30 0 0 -1 0 1 0 1 0 0 3710.dat
1 15 0 -16 30 0 0 -1 0 1 0 1 0 0 2412b.dat
1 320 0 -8 40 -1 0 0 0 1 0 0 0 -1 3794b.dat
1 19 -10 0 50 0 0 1 0 1 0 -1 0 0 2540.dat
1 19 10 0 50 0 0 -1 0 1 0 1 0 0 2540.dat
1 15 0 -8 60 -1 0 0 0 1 0 0 0 -1 3023.dat
1 7 0 -16 60 -1 0 0 0 1 0 0 0 -1 3023.dat
1 19 10 -24 50 0 0 -1 0 1 0 1 0 0 2540.dat
1 19 -10 -24 50 0 0 1 0 1 0 -1 0 0 2540.dat
1 47 0 -24 10 0 0 -1 0 1 0 1 0 0 3023.dat
1 15 0 -32 60 -1 0 0 0 1 0 0 0 -1 3794b.dat
1 15 0 -32 40 -1 0 0 0 1 0 0 0 -1 2412b.dat
1 15 -30 -22 81 -1 0 0 0 1 0 0 0 -1 6538b.dat
1 15 30 -22 81 -1 0 0 0 1 0 0 0 -1 6538b.dat
1 15 30 2 81 -1 0 0 0 1 0 0 0 -1 6538b.dat
1 15 -30 2 81 -1 0 0 0 1 0 0 0 -1 6538b.dat
1 15 -30 -22 34 -1 0 0 0 0 -1 0 -1 0 3062b.dat
1 15 -30 2 34 -1 0 0 0 0 -1 0 -1 0 3062b.dat
1 15 30 2 34 -1 0 0 0 0 -1 0 -1 0 3062b.dat
1 15 30 -22 34 -1 0 0 0 0 -1 0 -1 0 3062b.dat
1 7 0 -40 60 -1 0 0 0 1 0 0 0 -1 6141.dat
1 15 -48.462 9.947 50 0 0.485 -0.875 0 0.875 0.485 1 0 0 6019.dat
1 15 -65.954 19.643 50 0 0.485 0.875 0 0.875 -0.485 -1 0 0 6019.dat
1 15 -82.477 31.089 70 -0.485 0 0.875 -0.875 0 -0.485 0 -1 0 30374.dat
1 15 -61.087 7.798 50 0.875 0.485 0 -0.485 0.875 0 0 0 1 3069bps5.dat
1 15 61.348 6.163 50 0.899 -0.438 0 0.438 0.899 0 0 0 1 3069bps4.dat
1 15 -45.901 -34.294 50 0 -0.53 -0.848 0 0.848 -0.53 1 0 0 6019.dat
1 15 -62.862 -44.893 50 0 -0.53 0.848 0 0.848 0.53 -1 0 0 6019.dat
1 15 -50.142 -46.378 50 0.848 -0.53 0 0.53 0.848 0 0 0 1 3069bps5.dat
1 15 -80.883 -53.795 70 0.53 0 0.848 -0.848 0 0.53 0 -1 0 30374.dat
1 15 66.829 17.737 50 0 -0.438 -0.899 0 0.899 -0.438 1 0 0 6019.dat
1 15 48.853 8.97 50 0 -0.438 0.899 0 0.899 0.438 -1 0 0 6019.dat
1 15 83.928 28.302 72 0.848 0 0.53 -0.53 0 0.848 0 -1 0 30374.dat
1 15 46.321 -33.732 50 0 0.5 0.866 0 0.866 -0.5 -1 0 0 6019.dat
1 15 63.641 -43.732 50 0 0.5 -0.866 0 0.866 0.5 1 0 0 6019.dat
1 15 50.981 -45.66 50 0.866 0.5 0 -0.5 0.866 0 0 0 1 3069bps4.dat
1 15 81.962 -52 72 0.035 0 0.999 -0.999 0 0.035 0 -1 0 30374.dat

0 FILE 4484 - TIE Advanced.ldr
0 TIE Advanced
0 Name: 4484 - TIE Advanced.ldr
0 Author: Merlijn Wissink [Legolijntje]
0 !LDRAW_ORG Model 
0 !LICENSE Redistributable under CCAL version 2.0 : see CAreadme.txt
1 379 0 0 0 1 0 0 0 0 1 0 -1 0 3710.dat
1 379 0 0 8 1 0 0 0 0 1 0 -1 0 3710.dat
1 7 0 0 32 1 0 0 0 0 1 0 -1 0 3700.dat
1 7 30 0 16 0 0 -1 1 0 0 0 -1 0 6019.dat
1 7 -30 0 16 0 0 1 -1 0 0 0 -1 0 6019.dat
1 379 -10 0 48 0 0 1 -1 0 0 0 -1 0 6091.dat
1 379 10 0 48 0 0 -1 1 0 0 0 -1 0 6091.dat
1 33 0 0 48 -1 0 0 0 0 -1 0 -1 0 3069b.dat
1 7 0 -10 22 0 1 0 -1 0 0 0 0 1 4274.dat
1 0 0 -10 -18 0 0 -1 0 1 0 1 0 0 4733.dat
1 379 -34 0 -18 0 1 0 0 0 1 1 0 0 4589.dat
1 379 34 0 -18 0 -1 0 0 0 -1 1 0 0 4589.dat
1 379 0 -18 2 0 0 -1 0 1 0 1 0 0 3623.dat
1 47 0 0 -36 0 0 -1 -1 0 0 0 1 0 4740.dat
1 0 -40 0 -30 0 -1 0 0 0 -1 1 0 0 4871.dat
1 0 -40 0 30 0 -1 0 0 0 -1 1 0 0 4854.dat
1 7 -48 10 -40 0 -1 0 0 0 -1 1 0 0 6141.dat
1 7 -48 -10 -40 0 -1 0 0 0 -1 1 0 0 6141.dat
1 0 -40 0 -40 0 -1 0 -1 0 0 0 0 -1 4623.dat
1 0 -32 30 10 0 -1 0 0 0 1 -1 0 0 6636.dat
1 0 -32 -30 10 0 -1 0 0 0 1 -1 0 0 6636.dat
1 0 38 0 -40 0 1 0 1 0 0 0 0 -1 4623.dat
1 0 38 0 -30 0 1 0 0 0 1 1 0 0 4871.dat
1 7 46 -10 -40 0 1 0 0 0 1 1 0 0 6141.dat
1 7 46 10 -40 0 1 0 0 0 1 1 0 0 6141.dat
1 0 38 0 30 0 1 0 0 0 1 1 0 0 4854.dat
1 0 30 -30 10 0 1 0 0 0 -1 -1 0 0 6636.dat
1 0 30 30 10 0 1 0 0 0 -1 -1 0 0 6636.dat