0 FILE 4493 - Main.ldr
0 Main
0 Name: 4493 - Main.ldr
0 Author: Johann Eisner [technicbasics]
0 !LDRAW_ORG Model
0 !LICENSE Redistributable under CCAL version 2.0 : see CAreadme.txt

0 !HISTORY 2018-12-07 [technicbasics] Build mpd, OMRize File

0 ROTATION CENTER 0 0 0 1 "Custom" 
0 ROTATION CONFIG 0 0
1 0 0 0 0 1 0 0 0 1 0 0 0 1 4493 - Sith Infiltrator - Mini.ldr
0


0 FILE 4493 - Sith Infiltrator - Mini.ldr
0 Sith Infiltrator - Mini
0 Name: 4493 - Sith Infiltrator - Mini.ldr
0 Author: Evert-Jan Boer [ejboer]
0 !LDRAW_ORG Model
0 !LICENSE Redistributable under CCAL version 2.0 : see CAreadme.txt

0 ROTATION CENTER 0 0 0 1 "Custom"
0 ROTATION CONFIG 0 0
1 72 -10 0 -30 0 0 1 0 1 0 -1 0 0 2445.dat
1 72 -10 0 120 1 0 0 0 1 0 0 0 1 2419.dat
0 STEP
1 379 0 -8 90 0 0 -1 0 1 0 1 0 0 2540.dat
1 379 -20 -8 90 0 0 1 0 1 0 -1 0 0 2540.dat
0 STEP
1 1 -10 -8 50 -1 0 0 0 1 0 0 0 -1 3020.dat
1 71 -10 -8 130 -1 0 0 0 1 0 0 0 -1 3832.dat
1 71 -10 -8 -60 1 0 0 0 1 0 0 0 1 2413.dat
0 STEP
1 379 -10 -16 90 0 0 1 0 1 0 -1 0 0 3795.dat
1 379 -10 -16 -30 0 0 1 0 1 0 -1 0 0 3795.dat
1 1 -40 -16 130 0 0 1 0 1 0 -1 0 0 3023.dat
1 1 20 -16 130 0 0 1 0 1 0 -1 0 0 3023.dat
0 STEP
1 379 -80 -16 160 -1 0 0 0 1 0 0 0 -1 2450.dat
1 379 60 -16 160 0 0 -1 0 1 0 1 0 0 2450.dat
1 71 30 -16 30 1 0 0 0 1 0 0 0 1 41770.dat
1 71 -50 -16 30 1 0 0 0 1 0 0 0 1 41769.dat
1 71 -10 -16 -110 1 0 0 0 1 0 0 0 1 3068b.dat
0 STEP
1 71 0 -40 140 0 0 -1 0 1 0 1 0 0 4286.dat
1 71 -20 -40 140 0 0 1 0 1 0 -1 0 0 4286.dat
1 71 -20 -40 120 0 0 1 0 1 0 -1 0 0 3040b.dat
1 71 0 -40 120 0 0 -1 0 1 0 1 0 0 3040b.dat
1 71 80 -16 120 0 0 -1 0 1 0 1 0 0 6019.dat
1 71 -100 -16 120 0 0 1 0 1 0 -1 0 0 6019.dat
0 STEP
1 71 -10 -40 100 1 0 0 0 1 0 0 0 1 30363.dat
1 71 -10 -24 10 1 0 0 0 1 0 0 0 1 3068b.dat
1 72 -60 -24 160 0 0 -1 0 1 0 1 0 0 30357.dat
1 72 40 -24 160 1 0 0 0 1 0 0 0 1 30357.dat
1 71 100 -14 100 1 0 0 0 0 -1 0 1 0 577b.dat
1 71 -120 -14 100 1 0 0 0 0 -1 0 1 0 577b.dat
0 STEP
1 71 -20 8 130 0 0 1 0 1 0 -1 0 0 3660.dat
1 71 0 8 130 0 0 -1 0 1 0 1 0 0 3660.dat
1 71 -10 8 100 1 0 0 0 1 0 0 0 1 3747a.dat
1 71 -10 8 -80 1 0 0 0 1 0 0 0 1 3938.dat
1 71 -10 8 -80 -1 0 0 0 1 0 0 0 -1 3937.dat
0 STEP
1 71 -100 -40 130 0 0 1 0 1 0 -1 0 0 3937.dat
1 71 -105.737 -38.191 130 0 0.573576 -0.819152 0 0.819152 0.573576 1 0 0 6134.dat
1 72 -102.134 -50.481 130 0 0.573576 -0.819152 0 0.819152 0.573576 1 0 0 30503.dat
0 STEP
1 71 80 -40 130 0 0 -1 0 1 0 1 0 0 3937.dat
1 71 85.737 -38.191 130 0 -0.573576 0.819152 0 0.819152 0.573576 -1 0 0 6134.dat
1 72 82.134 -50.481 130 -0.819152 -0.573576 0 -0.573576 0.819152 0 0 0 -1 30503.dat
0 STEP
1 72 -10 32 130 0 0 -1 0 1 0 1 0 0 3020.dat
1 71 -10 8 160 -1 0 0 0 1 0 0 0 -1 3660.dat
1 71 -10 -40 170 -1 0 0 0 1 0 0 0 -1 4345b.dat
1 71 -10 -40 170 -1 0 0 0 1 0 0 0 -1 4346ps2.dat
0 STEP
1 72 79.838 27.205 130 -0.819152 0.573576 0 0.573576 0.819152 0 0 0 -1 30503.dat
1 379 99.825 3.444 130 0 0.573576 -0.819152 0 0.819152 0.573576 1 0 0 2412b.dat
1 71 74.263 1.809 130 0 0.573576 -0.819152 0 0.819152 0.573576 1 0 0 3937.dat
1 71 80 0 130 0 0 -1 0 1 0 1 0 0 6134.dat
0 STEP
1 72 -99.838 27.205 130 0 -0.573576 -0.819152 0 0.819152 -0.573576 1 0 0 30503.dat
1 379 -119.825 3.444 130 0 -0.573576 0.819152 0 0.819152 0.573576 -1 0 0 2412b.dat
1 71 -94.263 1.809 130 0 -0.573576 0.819152 0 0.819152 0.573576 -1 0 0 3937.dat
1 71 -100 0 130 0 0 1 0 1 0 -1 0 0 6134.dat
0 STEP
1 71 -10 40 140 -1 0 0 0 1 0 0 0 -1 30136.dat
1 71 0 32 -80 -1 0 0 0 1 0 0 0 -1 577b.dat
1 71 -20 32 -80 -1 0 0 0 1 0 0 0 -1 577b.dat
0 STEP
1 71 -10 -56 170 -1 0 0 0 1 0 0 0 -1 3960ps3.dat





