0 FILE 4495 - AT-TE - Mini.mpd
0 AT-TE - Mini
0 Name: 4495 - AT-TE - Mini.mpd
0 Author: Evert-Jan Boer [ejboer]
0 !LDRAW_ORG Model
0 !LICENSE Redistributable under CCAL version 2.0 : see CAreadme.txt
0 ROTATION CENTER 0 0 0 1 "Custom" 
0 ROTATION CONFIG 0 0
1 0 0 0 0 1 0 0 0 1 0 0 0 1 4495 - main.ldr
0


0 FILE 4495 - head.ldr
0 head
0 Name: 4495 - head.ldr
0 Author: Evert-Jan Boer [ejboer]
0 !LDRAW_ORG Model
0 !LICENSE Redistributable under CCAL version 2.0 : see CAreadme.txt
0 ROTATION CENTER 0 0 0 1 "Custom"
0 ROTATION CONFIG 0 0
1 71 0 0 0 0 0 1 0 1 0 -1 0 0 3021.dat
1 72 0 -24 20 -1 0 0 0 1 0 0 0 -1 30526.dat
0 STEP
1 72 0 -32 20 -1 0 0 0 1 0 0 0 -1 3794a.dat
1 72 0 -8 0 -1 0 0 0 1 0 0 0 -1 3794a.dat
1 72 0 -8 -20 -1 0 0 0 1 0 0 0 -1 3794a.dat
0 STEP
1 320 0 -32 -20 -1 0 0 0 1 0 0 0 -1 4733.dat
0 STEP
1 320 0 -40 0 0 0 -1 0 1 0 1 0 0 3623.dat
0 STEP
1 42 0 -22 -38 0 0 -1 -1 0 0 0 1 0 3070b.dat
1 0 18 -22 -20 0 -1 0 1 0 0 0 0 1 4592.dat
1 71 18 -22 -20 0 0 1 1 0 0 0 1 0 4593.dat
1 0 -18 -22 -20 0 1 0 -1 0 0 0 0 1 4592.dat
1 71 -18 -22 -20 0 0 -1 -1 0 0 0 1 0 4593.dat
0 STEP
1 42 0 -64 -20 1 0 0 0 1 0 0 0 1 4070.dat
1 72 0 -64 0 1 0 0 0 1 0 0 0 1 4733.dat
1 71 0 -64 20 -1 0 0 0 1 0 0 0 -1 4070.dat
0 STEP
1 0 18 -54 0 0 -1 0 1 0 0 0 0 1 4592.dat
1 71 18 -54 0 0 -0.382683 0.92388 1 0 0 0 0.92388 0.382683 4593.dat
1 0 -18 -54 0 0 1 0 -1 0 0 0 0 1 4592.dat
1 71 -18 -54 0 0 0.382683 -0.92388 -1 0 0 0 0.92388 0.382683 4593.dat
0 STEP
1 320 0 -72 -10 0 0 -1 0 1 0 1 0 0 3069b.dat
1 71 0 -72 20 0 0 -1 0 1 0 1 0 0 3070b.dat
1 42 0 -54 -34 0 0 -1 -1 0 0 0 1 0 3070b.dat






0 FILE 4495 - main.ldr
0 main
0 Name: 4495 - main.ldr
0 Author: Evert-Jan Boer [ejboer]
0 !LDRAW_ORG Model
0 !LICENSE Redistributable under CCAL version 2.0 : see CAreadme.txt
0 ROTATION CENTER 0 0 0 1 "Custom"
0 ROTATION CONFIG 0 0
1 72 0 0 0 0 0 1 0 1 0 -1 0 0 3035.dat
0 STEP
1 71 30 -24 60 0 0 -1 0 1 0 1 0 0 30365.dat
1 71 -30 -24 60 0 0 -1 0 1 0 1 0 0 30365.dat
1 71 0 -24 70 -1 0 0 0 1 0 0 0 -1 3747a.dat
1 71 30 -24 30 0 0 -1 0 1 0 1 0 0 3665a.dat
1 71 -30 -24 30 0 0 1 0 1 0 -1 0 0 3665a.dat
0 STEP
1 72 20 -24 0 1 0 0 0 1 0 0 0 1 40902.dat
1 72 -20 -24 0 -1 0 0 0 1 0 0 0 -1 40902.dat
0 STEP
1 71 -30 -24 -30 0 0 1 0 1 0 -1 0 0 3665a.dat
1 71 30 -24 -30 0 0 -1 0 1 0 1 0 0 3665a.dat
0 STEP
1 71 -30 -24 -60 0 0 1 0 1 0 -1 0 0 30365.dat
1 71 30 -24 -60 0 0 1 0 1 0 -1 0 0 30365.dat
1 0 0 -24 -70 -1 0 0 0 1 0 0 0 -1 32000.dat
0 STEP
1 0 0 -32 0 0 0 -1 0 1 0 1 0 0 3035.dat
0 STEP
1 71 30 4.478 97.654 1 0 0 0 0.382683 0.92388 0 -0.92388 0.382683 30554a.dat
1 72 30 30.955 115.307 0 0 1 0 1 0 -1 0 0 30383.dat
1 71 -30 4.478 97.654 1 0 0 0 0.382683 0.92388 0 -0.92388 0.382683 30554a.dat
1 72 -30 30.955 115.307 0 0 1 0 1 0 -1 0 0 30383.dat
1 71 -30 4.478 -97.346 -1 0 0 0 0.382683 0.92388 0 0.92388 -0.382683 30554a.dat
1 72 -30 30.955 -114.999 0 0 -1 0 1 0 1 0 0 30383.dat
1 71 30 4.478 -97.346 -1 0 0 0 0.382683 0.92388 0 0.92388 -0.382683 30554a.dat
1 72 30 30.955 -114.999 0 0 -1 0 1 0 1 0 0 30383.dat
1 71 58 4.478 -0.346 0 -0.92388 0.382683 0 0.382683 0.92388 -1 0 0 30554a.dat
1 72 75.653 30.955 -0.346 -1 0 0 0 1 0 0 0 -1 30383.dat
1 71 -58 4.478 -0.346 0 0.92388 -0.382683 0 0.382683 0.92388 1 0 0 30554a.dat
1 72 -75.653 30.955 -0.346 1 0 0 0 1 0 0 0 1 30383.dat
0 STEP
1 72 50 -32 0 0 0 -1 0 1 0 1 0 0 3710.dat
1 72 -50 -32 0 0 0 -1 0 1 0 1 0 0 3710.dat
1 71 0 -40 50 0 0 -1 0 1 0 1 0 0 3021.dat
1 71 0 -40 -50 0 0 -1 0 1 0 1 0 0 3021.dat
0 STEP
1 72 0 -56 -10 1 0 0 0 1 0 0 0 1 3004.dat
1 0 -10 -32 110 1 0 0 0 1 0 0 0 1 4592.dat
1 71 -10 -32 110 1 0 0 0 0.55557 0.83147 0 -0.83147 0.55557 4593.dat
1 0 10 -32 110 1 0 0 0 1 0 0 0 1 4592.dat
1 71 10 -32 110 1 0 0 0 0.55557 0.83147 0 -0.83147 0.55557 4593.dat
0 STEP
1 72 0 -64 -30 1 0 0 0 1 0 0 0 1 3298.dat
1 72 0 -64 30 -1 0 0 0 1 0 0 0 -1 30363.dat
1 71 0 -80 -10 -1 0 0 0 1 0 0 0 -1 3048b.dat
1 71 -30 -56 20 -1 0 0 0 1 0 0 0 -1 41748ps1.dat
1 71 30 -56 20 -1 0 0 0 1 0 0 0 -1 41747ps1.dat
0 STEP
1 71 30 -56 -20 1 0 0 0 1 0 0 0 1 41748ps1.dat
1 71 -30 -56 -20 1 0 0 0 1 0 0 0 1 41747ps1.dat
1 71 0 -88 -30 1 0 0 0 1 0 0 0 1 3937.dat
1 0 0 -81.827 -39.239 1 0 0 0 0.382683 -0.92388 0 0.92388 0.382683 3938.dat
1 72 0 -84.887 -46.63 1 0 0 0 0.382683 -0.92388 0 0.92388 0.382683 3794a.dat
0 STEP
1 320 0 -94.073 -68.803 1 0 0 0 0.382683 -0.92388 0 0.92388 0.382683 4589.dat
1 0 0 -130.81 -157.494 -1 0 0 0 -0.382683 -0.92388 0 -0.92388 0.382683 63965.dat
0 STEP
1 0 0 0 -110 1 0 0 0 1 0 0 0 1 4495 - head.ldr





