0 FILE 7128 - Speeder Bikes.ldr
0 Speeder Bikes
0 Name: 7128 - Speeder Bikes.ldr
0 Author: Daniel Goerner [TK-949]
0 !LDRAW_ORG Model
0 !LICENSE Redistributable under CCAL version 2.0 : see CAreadme.txt

0 !THEME Star Wars
0 !KEYWORDS Episode VI, Luke Skywalker, Scout Trooper, Endor

0 !HISTORY 2012-05-06 [TK-949] Creation
0 !HISTORY 2016-02-21 [legolijntje] Updated ~moved files and swapped inlined parts for official versions

1 16 100 -64 90 0.984808 0 -0.173648 0 1 0 0.173648 0 0.984808 7128 - Minifig - Luke Skywalker.ldr
1 16 -10 -27 -280 0 0 -1 0 1 0 1 0 0 7128 - Minifig - Scout Trooper.ldr
1 16 310 -27 10 1 0 0 0 1 0 0 0 1 7128 - Minifig - Scout Trooper.ldr
1 16 0 0 0 1 0 0 0 1 0 0 0 1 7128 - Endor.ldr
1 16 -30 -27 -260 1 0 0 0 1 0 0 0 1 7128 - Speederbike.ldr
1 16 330 -27 30 0 0 1 0 1 0 -1 0 0 7128 - Speederbike.ldr


0 FILE 7128 - Minifig - Luke Skywalker.ldr
0 Minifig - Luke Skywalker
0 Name: 7128 - Minifig - Luke Skywalker.ldr
0 Author: Daniel Goerner [TK-949]
0 !LDRAW_ORG Model
0 !LICENSE Redistributable under CCAL version 2.0 : see CAreadme.txt

1 0 0 44 0 1 0 0 0 1 0 0 0 1 3817.dat
1 0 0 44 0 1 0 0 0 1 0 0 0 1 3816.dat
1 0 0 32 0 1 0 0 0 1 0 0 0 1 3815.dat
0 STEP
1 8 0 0 0 1 0 0 0 1 0 0 0 1 973psm.dat
1 0 -15.552 9 0 0.985 -0.17 0 0.17 0.985 0 0 0 1 3818.dat
1 0 15.552 9 0 0.985 0.17 0 -0.17 0.985 0 0 0 1 3819.dat
1 0 -23.8634 26.5956 -10.321 0.985 -0.12019 0.12019 0.17 0.696395 -0.696395 0 0.707 0.707 3820.dat
1 14 23.8634 26.5956 -10.321 0.985 0.12019 -0.12019 -0.17 0.696395 -0.696395 0 0.707 0.707 3820.dat
0 STEP
1 14 0 -24 0 1 0 0 0 1 0 0 0 1 3626bps3.dat
0 STEP
1 19 0 -24 0 1 0 0 0 1 0 0 0 1 3901.dat
0 STEP
1 383 -23.1951 22.7236 -33.8217 0.985 -0.087498 0.14567 0.17 0.506976 -0.844031 0 0.856884 0.514696 577b.dat
1 42 -23.195 22.724 -33.822 0.963475 0.0925699 0.249498 -0.17 -0.506976 0.844031 0.204793 -0.856351 -0.473162 30374.dat

0 FILE 7128 - Minifig - Scout Trooper.ldr
0 Minifig - Scout Trooper
0 Name: 7128 - Minifig - Scout Trooper.ldr
0 Author: Daniel Goerner [TK-949]
0 !LDRAW_ORG Model
0 !LICENSE Redistributable under CCAL version 2.0 : see CAreadme.txt

1 15 19.882 -44 30.882 1 0 0 0 1 0 0 0 1 3816.dat
1 15 19.882 -44 30.882 1 0 0 0 1 0 0 0 1 3817.dat
1 0 19.882 -54.688 25.423 1 0 0 0 0.891007 -0.45399 0 0.45399 0.891007 3815.dat
0 STEP
1 15 19.882 -83.2 10.894 1 0 0 0 0.891007 -0.45399 0 0.45399 0.891007 973pse.dat
1 15 4.33 -75.179 14.983 0.985 -0.17 0 0.132115 0.765489 0.62932 -0.106984 -0.619881 0.777146 3818.dat
1 15 35.434 -75.179 14.983 0.985 0.17 0 -0.132115 0.765489 0.62932 0.106984 -0.619881 0.777146 3819.dat
1 0 -3.981 -68 -4.113 0.291822 -0.955672 0.0275092 0.955862 0.292193 0.00949178 -0.0171142 0.0239727 0.999207 3820.dat
1 0 43.745 -68 -4.113 0.308581 0.950439 -0.0258736 -0.950589 0.308925 0.00930854 0.0168453 0.0221696 0.999252 3820.dat
0 STEP
1 14 19.882 -104.586 0 1 0 0 0 0.891007 -0.45399 0 0.45399 0.891007 3626bpse.dat
0 STEP
1 15 19.882 -104.586 0 1 0 0 0 0.891007 -0.45399 0 0.45399 0.891007 30369.dat

0 FILE 7128 - Endor.ldr
0 Endor
0 Name: 7128 - Endor.ldr
0 Author: Daniel Goerner [TK-949]
0 !LDRAW_ORG Model
0 !LICENSE Redistributable under CCAL version 2.0 : see CAreadme.txt

1 10 0 0 0 0 0 -1 0 1 0 1 0 0 3030.dat
1 6 0 -24 -40 1 0 0 0 1 0 0 0 1 3001.dat
0 STEP
1 6 -10 -24 -70 0 0 1 0 1 0 -1 0 0 2357.dat
1 6 -10 -24 -10 1 0 0 0 1 0 0 0 1 2357.dat
0 STEP
1 6 -10 -48 -30 1 0 0 0 1 0 0 0 1 2357.dat
1 6 -10 -48 -50 0 0 1 0 1 0 -1 0 0 2357.dat
0 STEP
1 6 -10 -72 -30 0 0 1 0 1 0 -1 0 0 2357.dat
1 2 10 -72 -50 0.707107 0 0.707107 0 1 0 -0.707107 0 0.707107 30176.dat
0 STEP
1 6 -10 -96 -50 1 0 0 0 1 0 0 0 1 2357.dat
1 2 10 -96 -30 0.707107 0 -0.707107 0 1 0 0.707107 0 0.707107 30176.dat
0 STEP
1 6 10 -120 -50 0 0 -1 0 1 0 1 0 0 2357.dat
1 2 -10 -120 -30 -0.707107 0 -0.707107 0 1 0 0.707107 0 -0.707107 30176.dat
0 STEP
1 6 10 -144 -30 -1 0 0 0 1 0 0 0 -1 2357.dat
1 2 -10 -144 -50 -0.707107 0 0.707107 0 1 0 -0.707107 0 -0.707107 30176.dat
0 STEP
1 0 -10 -152 -40 0 0 -1 0 1 0 1 0 0 3794a.dat
1 0 10 -152 -40 0 0 -1 0 1 0 1 0 0 3794a.dat
0 STEP
1 2 0 -168 -40 0 0 -1 0 1 0 1 0 0 30239.dat


0 FILE 7128 - Speederbike Landing Gear.ldr
0 Speederbike Landing Gear
0 Name: 7128 - Speederbike Landing Gear.ldr
0 Author: Daniel Goerner [TK-949]
0 !LDRAW_ORG Model
0 !LICENSE Redistributable under CCAL version 2.0 : see CAreadme.txt

1 8 -2 32 30 0 0 -1 0 1 0 1 0 0 6120.dat
1 8 -2 32 -30 0 0 -1 0 1 0 1 0 0 6120.dat
0 STEP
1 0 0 24 0 0 0 -1 0 1 0 1 0 0 3710.dat
0 STEP
1 8 0 0 0 0 0 -1 0 1 0 1 0 0 3004.dat


0 FILE 7128 - Speederbike.ldr
0 Speederbike
0 Name: 7128 - Speederbike.ldr
0 Author: Daniel Goerner [TK-949]
0 !LDRAW_ORG Model
0 !LICENSE Redistributable under CCAL version 2.0 : see CAreadme.txt

1 8 -60 0 0 0 0 -1 0 1 0 1 0 0 3022.dat
1 6 80 0 0 0 0 -1 0 1 0 1 0 0 4032a.dat
0 STEP
1 0 0 -8 0 -1 0 0 0 1 0 0 0 -1 3034.dat
0 STEP
1 8 90 -8 0 0 0 -1 0 1 0 1 0 0 2540.dat
0 STEP
1 8 80 -32 -10 0 0 -1 0 1 0 1 0 0 30359a.dat
1 8 80 -32 10 0 0 -1 0 1 0 1 0 0 30359a.dat
1 8 -60 -16 0 0 0 -1 0 1 0 1 0 0 3022.dat
0 STEP
1 6 -90 -40 0 0 0 -1 0 1 0 1 0 0 2399.dat
1 0 -70 -40 0 0 0 -1 0 1 0 1 0 0 3794a.dat
0 STEP
1 6 20 -40 0 0 0 1 0 1 0 -1 0 0 4732.dat
0 STEP
1 8 30 -24 -10 1 0 0 0 1 0 0 0 1 4085b.dat
1 8 30 -24 10 -1 0 0 0 1 0 0 0 -1 4085b.dat
1 7 10 -24 0 0 0 -1 0 1 0 1 0 0 3023.dat
0 STEP
1 8 -30 -48 0 0 0 -1 0 1 0 1 0 0 2412b.dat
1 8 -70 -40 0 0 0 -1 0 1 0 1 0 0 2524.dat
1 6 30 -48 0 0 0 1 0 1 0 -1 0 0 3039.dat
0 STEP
1 0 50 -48 0 0 0 -1 0 1 0 1 0 0 3794a.dat
1 8 50 -56 0 -1 0 0 0 1 0 0 0 -1 2555.dat
0 STEP
1 6 70 -64 0 0 0 -1 0 1 0 1 0 0 3048b.dat
1 0 50 -64 0 0 0.731354 -0.681998 0 0.681998 0.731354 1 0 0 30031.dat
1 0 30 -8 -30 0 0 -1 0 -1 0 -1 0 0 4349.dat
0 STEP
1 0 218 -22 -10 0 1 0 0.5 0 0.866025 0.866025 0 -0.5 2433.dat
1 0 218 -22 10 0 1 0 -0.5 0 0.866025 0.866025 0 0.5 2433.dat
1 6 238 -21.747 -9.568 0 -1 0 0.866025 0 0.5 -0.5 0 0.866025 30259.dat
1 6 238 -21.747 9.567 0 -1 0 -0.866025 0 0.5 -0.5 0 -0.866025 30259.dat
0 STEP
1 8 -30 0 0 1 0 0 0 1 0 0 0 1 7128 - Speederbike Landing Gear.ldr
0 STEP
1 0 110 0 0 1 0 0 0 1 0 0 0 1 2555.dat
1 8 110 8 0 1 0 0 0 1 0 0 0 1 3062b.dat

