0 FILE 7141 - Naboo Fighter.ldr
0 Naboo Fighter
0 Name: 7141 - Naboo Fighter.ldr
0 Author: Daniel Goerner [TK-949]
0 !LDRAW_ORG Model
0 !LICENSE Redistributable under CCAL version 2.0 : see CAreadme.txt

0 !THEME Star Wars
0 !KEYWORDS Episode I, N-1 Starfighter, Anakin Skywalker, R2-D2, Battle Droid
0 !HISTORY 2012-05-23 [TK-949] Creation


1 16 0 0 0 1 0 0 0 1 0 0 0 1 7141 - Minifig - Anakin Skywalker.ldr
1 16 0 -96 100 1 0 0 0 1 0 0 0 1 7141 - Minifig - R2-D2.ldr
1 16 -4.73 56 -317.817 0.707107 0 -0.707107 0 1 0 0.707107 0 0.707107 7141 - Minifig - Battle Droid.ldr
1 16 90.339 57.397 -306.82 0.707107 0 -0.707107 0 1 0 0.707107 0 0.707107 7141 - Minifig - Battle Droid.ldr
1 16 410 48 -50 1 0 0 0 1 0 0 0 1 7141 - Support Vehicle.ldr
1 16 0 0 0 1 0 0 0 1 0 0 0 1 7141 - N-1 Starfighter.ldr
1 14 0 -46 340 1 0 0 0 0 1 0 -1 0 2569.dat
1 0 -7.725 16.459 -357.249 -0.253404 0.707107 0.660141 0.93358 0 0.358368 0.253404 0.707107 -0.660141 4349.dat
1 38 20 31.512 -384.974 0.707107 -0.660141 0.253404 0 -0.358368 -0.93358 0.707107 0.660141 -0.253404 4589.dat
1 0 87.344 17.856 -346.252 -0.253404 0.707107 0.660141 0.93358 0 0.358368 0.253404 0.707107 -0.660141 4349.dat
1 38 115.069 32.909 -373.977 0.707107 -0.660141 0.253404 0 -0.358368 -0.93358 0.707107 0.660141 -0.253404 4589.dat



0 FILE 7141 - Minifig - Anakin Skywalker.ldr
0 Minifig - Anakin Skywalker
0 Name: 7141 - Minifig - Anakin Skywalker.ldr
0 Author: Daniel Goerner [TK-949]
0 !LDRAW_ORG Model
0 !LICENSE Redistributable under CCAL version 2.0 : see CAreadme.txt

1 19 0 -36.668 10.688 1 0 0 0 0.97437 0.224951 0 -0.224951 0.97437 3815.dat
1 19 0 -25 8 1 0 0 0 0 1 0 -1 0 3816.dat
1 19 0 -25 8 1 0 0 0 0 1 0 -1 0 3817.dat
0 STEP
1 19 0 -67.847 17.886 1 0 0 0 0.97437 0.224951 0 -0.224951 0.97437 973pr0.dat
1 19 -15.552 -59.078 15.861 0.985 -0.17 0 0.0850003 0.4925 0.866026 -0.147224 -0.853035 0.5 3818.dat
1 19 15.552 -59.078 15.861 0.985 0.17 0 -0.0850003 0.4925 0.866026 0.147224 -0.853035 0.5 3819.dat
1 14 -23.863 -59.218 -4.54 0.985 -0.12019 0.12019 0.0850003 0.960477 0.264082 -0.147224 -0.249596 0.956596 3820.dat
1 14 23.863 -59.218 -4.54 0.985 0.12019 -0.12019 -0.0850003 0.960477 0.264082 0.147224 -0.249596 0.956596 3820.dat
0 STEP
1 14 0 -91.233 23.286 0.707107 0 -0.707107 0.159064 0.97437 0.159064 0.688984 -0.224951 0.688984 3626bpsd.dat
0 STEP
1 6 0 -91.233 23.286 0.707107 0 -0.707107 0.159064 0.97437 0.159064 0.688984 -0.224951 0.688984 30171.dat
0 STEP
1 0 0 -83.437 21.484 0.707107 0 -0.707107 0.159064 0.97437 0.159064 0.688984 -0.224951 0.688984 30170.dat

0 FILE 7141 - Minifig - R2-D2.ldr
0 Minifig - R2-D2
0 Name: 7141 - Minifig - R2-D2.ldr
0 Author: Daniel Goerner [TK-949]
0 !LDRAW_ORG Model
0 !LICENSE Redistributable under CCAL version 2.0 : see CAreadme.txt

1 15 0 0 0 1 0 0 0 1 0 0 0 1 30361aps1.dat
0 STEP
1 15 20 0 0 0 0 1 0 1 0 -1 0 0 30362.dat
1 15 -20 0 0 0 0 -1 0 1 0 1 0 0 30362.dat
0 STEP
1 15 0 -34 0 1 0 0 0 1 0 0 0 1 30367aps1.dat

0 FILE 7141 - Minifig - Battle Droid.ldr
0 Minifig - Battle Droid
0 Name: 7141 - Minifig - Battle Droid.ldr
0 Author: Daniel Goerner [TK-949]
0 !LDRAW_ORG Model
0 !LICENSE Redistributable under CCAL version 2.0 : see CAreadme.txt

1 19 0 0 0 1 0 0 0 1 0 0 0 1 30376.dat
0 STEP
1 19 0 -38 0 1 0 0 0 1 0 0 0 1 30375.dat
0 STEP
1 19 -16 -70 0 1 0 0 0 0.920505 0.390731 0 -0.390731 0.920505 30377.dat
1 19 16 -70 0 1 0 0 0 1 0 0 0 1 30377.dat
0 STEP
1 19 0 -70 0 1 0 0 0 1 0 0 0 1 30378.dat
0 STEP



0 FILE 7141 - Support Vehicle.ldr
0 Support Vehicle
0 Name: 7141 - Support Vehicle.ldr
0 Author: Daniel Goerner [TK-949]
0 !LDRAW_ORG Model
0 !LICENSE Redistributable under CCAL version 2.0 : see CAreadme.txt

1 8 0 0 0 0 0 -1 0 1 0 1 0 0 3795.dat
0 STEP
1 8 0 -8 0 1 0 0 0 1 0 0 0 1 3020.dat
0 STEP
1 0 0 -8 40 1 0 0 0 1 0 0 0 1 4600.dat
1 0 0 -8 -40 1 0 0 0 1 0 0 0 1 4600.dat
0 STEP
1 8 0 -16 0 0 0 -1 0 1 0 1 0 0 3020.dat
1 0 0 -16 50 -1 0 0 0 1 0 0 0 -1 2436a.dat
0 STEP
1 0 0 -24 30 0 0 -1 0 1 0 1 0 0 3021.dat
1 4 0 -24 -20 1 0 0 0 1 0 0 0 1 3022.dat
0 STEP
1 8 0 -32 -50 1 0 0 0 1 0 0 0 1 3937.dat
1 19 0 -32 -50 1 0 0 0 1 0 0 0 1 3938.dat
1 19 -30 -32 10 1 0 0 0 1 0 0 0 1 3040b.dat
1 19 30 -32 10 1 0 0 0 1 0 0 0 1 3040b.dat
0 STEP
1 8 -10 -32 0 0 0 1 0 1 0 -1 0 0 2431ps1.dat
1 8 10 -32 0 0 0 -1 0 1 0 1 0 0 2431ps1.dat
1 19 0 -32 50 1 0 0 0 1 0 0 0 1 2412b.dat
0 STEP
1 4 -30 -40 10 1 0 0 0 1 0 0 0 1 3070b.dat
1 4 30 -40 10 1 0 0 0 1 0 0 0 1 3070b.dat
1 8 0 -40 0 0 0 -1 0 1 0 1 0 0 3795.dat
0 STEP
1 19 0 -64 10 1 0 0 0 1 0 0 0 1 3004.dat
1 19 0 -64 40 1 0 0 0 1 0 0 0 1 3001.dat
0 STEP
1 19 0 -64 10 1 0 0 0 1 0 0 0 1 4858.dat
1 7 30 -3 -40 0 0 -1 0 1 0 1 0 0 4624.dat
1 7 30 -3 40 0 0 -1 0 1 0 1 0 0 4624.dat
1 7 -30 -3 40 0 0 1 0 1 0 -1 0 0 4624.dat
1 7 -30 -3 -40 0 0 1 0 1 0 -1 0 0 4624.dat
1 0 30 -3 -40 0 0 -1 0 1 0 1 0 0 3641.dat
1 0 30 -3 40 0 0 -1 0 1 0 1 0 0 3641.dat
1 0 -30 -3 40 0 0 1 0 1 0 -1 0 0 3641.dat
1 0 -30 -3 -40 0 0 1 0 1 0 -1 0 0 3641.dat

0 FILE 7141 - N-1 Starfighter.ldr
0 N-1 Starfighter
0 Name: 7141 - N-1 Starfighter.ldr
0 Author: Daniel Goerner [TK-949]
0 !LDRAW_ORG Model
0 !LICENSE Redistributable under CCAL version 2.0 : see CAreadme.txt

1 7 0 0 0 1 0 0 0 1 0 0 0 1 3032.dat
1 7 0 0 -110 1 0 0 0 1 0 0 0 1 50303.dat
1 7 0 0 110 -1 0 0 0 1 0 0 0 -1 50303.dat
0 STEP
1 7 -40 -24 0 0 0 -1 0 1 0 1 0 0 3007.dat
0 STEP
1 19 0 -24 60 1 0 0 0 1 0 0 0 1 3003.dat
1 0 0 -8 10 0 0 -1 0 1 0 1 0 0 3021.dat
0 STEP
1 8 0 -16 10 1 0 0 0 1 0 0 0 1 3023.dat
1 19 0 -16 -10 1 0 0 0 1 0 0 0 1 2412b.dat
1 8 0 -24 110 0 0 -1 0 1 0 1 0 0 3002.dat
1 0 0 -24 -80 0 0 -1 0 1 0 1 0 0 2456.dat
0 STEP
1 19 0 -40 30 1 0 0 0 1 0 0 0 1 2432.dat
1 7 0 -24 -140 1 0 0 0 1 0 0 0 1 2626.dat
1 7 0 -24 140 -1 0 0 0 1 0 0 0 -1 2626.dat
0 STEP
1 7 40 -24 0 0 0 -1 0 1 0 1 0 0 3007.dat
0 STEP
1 8 0 -32 100 0 0 -1 0 1 0 1 0 0 3795.dat
1 14 0 -32 180 -1 0 0 0 1 0 0 0 -1 6104.dat
0 STEP
1 19 -30 -32 60 0 0 -1 0 1 0 1 0 0 3460.dat
1 19 30 -32 60 0 0 -1 0 1 0 1 0 0 3460.dat
0 STEP
1 19 0 -32 -30 1 0 0 0 1 0 0 0 1 3460.dat
1 8 60 -32 40 0 0 -1 0 1 0 1 0 0 3795.dat
1 8 -60 -32 40 0 0 -1 0 1 0 1 0 0 3795.dat
0 STEP
1 8 -120 -32 -100 1 0 0 0 1 0 0 0 1 7141 - Wing Right.ldr
0 STEP
1 8 120 -32 -100 1 0 0 0 1 0 0 0 1 7141 - Wing Left.ldr
1 7 0 -32 -190 1 0 0 0 1 0 0 0 1 2419.dat
0 STEP
0 ROTSTEP 0 0 180 REL
1 7 -220 0 -60 1 0 0 0 1 0 0 0 1 7141 - Engine Base.ldr
1 7 220 0 -60 -1 0 0 0 1 0 0 0 -1 7141 - Engine Base.ldr
0 STEP
0 ROTSTEP END
1 7 0 -56 -150 1 0 0 0 1 0 0 0 1 30363.dat
1 8 0 -56 -100 0 0 -1 0 1 0 1 0 0 3001.dat
1 0 0 -56 120 0 0 -1 0 1 0 1 0 0 2456.dat
1 19 -30 -56 50 1 0 0 0 1 0 0 0 1 2357.dat
1 19 30 -56 50 0 0 -1 0 1 0 1 0 0 2357.dat
0 STEP
1 14 -30 -56 -60 0 0 1 0 1 0 -1 0 0 3298.dat
1 14 30 -56 -60 0 0 -1 0 1 0 1 0 0 3298.dat
1 7 0 -56 -50 -1 0 0 0 1 0 0 0 -1 3039ps3.dat
1 7 30 -40 100 1 0 0 0 1 0 0 0 1 7141 - Greeble 1.ldr
1 7 -30 -40 100 1 0 0 0 1 0 0 0 1 7141 - Greeble 1.ldr
1 14 0 -56 250 1 0 0 0 1 0 0 0 1 3700.dat
0 STEP
1 7 0 -46 260 0 0 -1 0 1 0 1 0 0 3749.dat
1 14 20 -56 210 -1 0 0 0 1 0 0 0 -1 6564.dat
1 14 40 -56 150 -1 0 0 0 1 0 0 0 -1 6564.dat
1 14 -20 -56 210 -1 0 0 0 1 0 0 0 -1 6565.dat
1 14 -40 -56 150 -1 0 0 0 1 0 0 0 -1 6565.dat
1 7 -30 -56 30 1 0 0 0 1 0 0 0 1 3062b.dat
1 7 30 -56 30 1 0 0 0 1 0 0 0 1 3062b.dat
1 7 -30 -56 -30 1 0 0 0 1 0 0 0 1 3062b.dat
1 7 30 -56 -30 1 0 0 0 1 0 0 0 1 3062b.dat
0 STEP
1 7 -30 -40 0 1 0 0 0 1 0 0 0 1 7141 - Greeble 2.ldr
1 7 30 -40 0 -1 0 0 0 1 0 0 0 -1 7141 - Greeble 2.ldr
1 14 -30 -56 -100 0 0 1 0 1 0 -1 0 0 3039.dat
1 14 30 -56 -100 0 0 -1 0 1 0 1 0 0 3039.dat
1 14 -50 -56 80 0 0 1 0 1 0 -1 0 0 3037.dat
1 14 50 -56 80 0 0 -1 0 1 0 1 0 0 3037.dat
0 STEP
1 7 30 -56 -130 1 0 0 0 1 0 0 0 1 4070.dat
1 34 30 -46 -160 1 0 0 0 0 -1 0 1 0 4589.dat
1 7 -30 -56 -130 1 0 0 0 1 0 0 0 1 4070.dat
1 34 -30 -46 -160 1 0 0 0 0 -1 0 1 0 4589.dat
1 14 0 -46 284 1 0 0 0 0 1 0 -1 0 3941.dat
1 14 0 -46 332 1 0 0 0 0 1 0 -1 0 3942c.dat
1 14 50 -56 0 0 0 -1 0 1 0 1 0 0 3297.dat
1 14 -50 -56 0 0 0 1 0 1 0 -1 0 0 3297.dat
0 STEP
1 14 0 -80 190 -1 0 0 0 1 0 0 0 -1 30363.dat
1 14 -50 -64 0 0 0 1 0 1 0 -1 0 0 2431ps0.dat
1 14 50 -64 0 0 0 -1 0 1 0 1 0 0 2431ps0.dat
1 14 -30 -64 -80 0 0 -1 0 1 0 1 0 0 3666.dat
1 14 30 -64 -80 0 0 -1 0 1 0 1 0 0 3666.dat
1 14 0 -64 -100 0 0 -1 0 1 0 1 0 0 3795.dat
0 STEP
1 14 20 -80 150 -1 0 0 0 1 0 0 0 -1 6564.dat
1 14 -20 -80 150 -1 0 0 0 1 0 0 0 -1 6565.dat
1 14 -50 -80 100 0 0 1 0 1 0 -1 0 0 4865a.dat
1 14 50 -80 100 0 0 -1 0 1 0 1 0 0 4865a.dat
0 STEP
1 19 0 -80 60 1 0 0 0 1 0 0 0 1 3003.dat
1 14 -30 -80 60 0 0 1 0 1 0 -1 0 0 3039.dat
1 14 30 -80 60 0 0 -1 0 1 0 1 0 0 3039.dat
1 14 0 -104 130 -1 0 0 0 1 0 0 0 -1 30363.dat
0 STEP
1 14 0 -88 60 1 0 0 0 1 0 0 0 1 7141 - Greeble 3.ldr
0 STEP
1 14 -260 0 -60 1 0 0 0 1 0 0 0 1 7141 - Engine Right.ldr
1 47 0 -64 -50 1 0 0 0 1 0 0 0 1 30384.dat
0 STEP
1 47 260 0 -60 -1 0 0 0 1 0 0 0 -1 7141 - Engine Left.ldr
0 STEP
0 ROTSTEP 0 0 180 REL
1 47 0 40 0 1 0 0 0 1 0 0 0 1 7141 - Torpedo Launcher.ldr

0 FILE 7141 - Wing Right.ldr
0 Wing Right
0 Name: 7141 - Wing Right.ldr
0 Author: Daniel Goerner [TK-949]
0 !LDRAW_ORG Model
0 !LICENSE Redistributable under CCAL version 2.0 : see CAreadme.txt

1 7 0 0 0 0 0 1 0 1 0 -1 0 0 30355.dat
0 STEP
1 14 -20 -8 40 1 0 0 0 1 0 0 0 1 3795.dat
1 14 -100 -8 40 1 0 0 0 1 0 0 0 1 3068b.dat



0 FILE 7141 - Wing Left.ldr
0 Wing Left
0 Name: 7141 - Wing Left.ldr
0 Author: Daniel Goerner [TK-949]
0 !LDRAW_ORG Model
0 !LICENSE Redistributable under CCAL version 2.0 : see CAreadme.txt

1 7 0 0 0 0 0 -1 0 1 0 1 0 0 30356.dat
0 STEP
1 14 20 -8 40 1 0 0 0 1 0 0 0 1 3795.dat
1 14 100 -8 40 1 0 0 0 1 0 0 0 1 3068b.dat



0 FILE 7141 - Engine Base.ldr
0 Engine Base
0 Name: 7141 - Engine Base.ldr
0 Author: Daniel Goerner [TK-949]
0 !LDRAW_ORG Model
0 !LICENSE Redistributable under CCAL version 2.0 : see CAreadme.txt

1 7 0 0 0 0 0 -1 0 1 0 1 0 0 3022.dat
1 7 -10 -24 0 0 0 -1 0 1 0 1 0 0 32000.dat
0 STEP
1 7 -20 -14 -10 -1 0 0 0 1 0 0 0 -1 3673.dat
1 7 -20 -14 10 -1 0 0 0 1 0 0 0 -1 3673.dat
0 STEP
1 8 10 -24 0 0 0 -1 0 1 0 1 0 0 3747a.dat

0 FILE 7141 - Greeble 1.ldr
0 Greeble 1
0 Name: 7141 - Greeble 1.ldr
0 Author: Daniel Goerner [TK-949]
0 !LDRAW_ORG Model
0 !LICENSE Redistributable under CCAL version 2.0 : see CAreadme.txt

1 8 0 0 0 0 0 -1 0 1 0 1 0 0 3023.dat
0 STEP
1 19 0 -8 0 0 0 -1 0 1 0 1 0 0 2412b.dat



0 FILE 7141 - Greeble 2.ldr
0 Greeble 2
0 Name: 7141 - Greeble 2.ldr
0 Author: Daniel Goerner [TK-949]
0 !LDRAW_ORG Model
0 !LICENSE Redistributable under CCAL version 2.0 : see CAreadme.txt

1 8 0 0 0 0 0 -1 0 1 0 1 0 0 3023.dat
0 STEP
1 19 0 -24 0 0 0 -1 0 1 0 1 0 0 4865a.dat



0 FILE 7141 - Greeble 3.ldr
0 Greeble 3
0 Name: 7141 - Greeble 3.ldr
0 Author: Daniel Goerner [TK-949]
0 !LDRAW_ORG Model
0 !LICENSE Redistributable under CCAL version 2.0 : see CAreadme.txt

1 14 0 0 0 1 0 0 0 1 0 0 0 1 3020.dat
0 STEP
1 14 -10 -24 0 0 0 1 0 1 0 -1 0 0 3039ps4.dat
1 14 10 -24 0 0 0 -1 0 1 0 1 0 0 3039.dat

0 FILE 7141 - Engine Right.ldr
0 Engine Right
0 Name: 7141 - Engine Right.ldr
0 Author: Daniel Goerner [TK-949]
0 !LDRAW_ORG Model
0 !LICENSE Redistributable under CCAL version 2.0 : see CAreadme.txt

1 14 0 0 0 0 0 -1 0 1 0 1 0 0 3020.dat
1 14 -10 -24 0 0 0 -1 0 1 0 1 0 0 3700.dat
0 STEP
1 7 10 -24 0 0 0 -1 0 1 0 1 0 0 32000.dat
0 STEP
1 14 -10 -34 0 1 0 0 0 1 0 0 0 1 30360.dat
1 14 -10 -34 -60 1 0 0 0 0 -1 0 1 0 3941.dat
1 7 -10 -34 -108 1 0 0 0 0 -1 0 1 0 3942c.dat
0 STEP
1 14 -10 -64 0 0 0 -1 0 1 0 1 0 0 30363.dat
0 STEP
1 14 -10 -34 60 1 0 0 0 1 0 0 0 1 7141 - Engine Back.ldr
1 14 -10 -72 0 0 0 -1 0 1 0 1 0 0 2431.dat



0 FILE 7141 - Engine Back.ldr
0 Engine Back
0 Name: 7141 - Engine Back.ldr
0 Author: Daniel Goerner [TK-949]
0 !LDRAW_ORG Model
0 !LICENSE Redistributable under CCAL version 2.0 : see CAreadme.txt

1 14 0 0 72 1 0 0 0 0 1 0 -1 0 3942c.dat
1 0 0 0 20 0 0 1 0 1 0 -1 0 0 3705.dat
0 STEP
1 14 0 0 0 1 0 0 0 0 -1 0 1 0 3941.dat
0 STEP
1 14 0 0 80 1 0 0 0 0 1 0 -1 0 3957b.dat



0 FILE 7141 - Engine Left.ldr
0 Engine Left
0 Name: 7141 - Engine Left.ldr
0 Author: Daniel Goerner [TK-949]
0 !LDRAW_ORG Model
0 !LICENSE Redistributable under CCAL version 2.0 : see CAreadme.txt

1 14 0 0 0 0 0 -1 0 1 0 1 0 0 3020.dat
1 14 -10 -24 0 0 0 -1 0 1 0 1 0 0 3700.dat
0 STEP
1 7 10 -24 0 0 0 -1 0 1 0 1 0 0 32000.dat
0 STEP
1 14 -10 -34 0 -1 0 0 0 1 0 0 0 -1 30360.dat
1 14 -10 -34 60 -1 0 0 0 0 -1 0 -1 0 3941.dat
1 7 -10 -34 108 -1 0 0 0 0 -1 0 -1 0 3942c.dat
0 STEP
1 14 -10 -64 0 0 0 -1 0 1 0 1 0 0 30363.dat
0 STEP
1 14 -10 -34 -60 -1 0 0 0 1 0 0 0 -1 7141 - Engine Back.ldr
1 14 -10 -72 0 0 0 -1 0 1 0 1 0 0 2431.dat



0 FILE 7141 - Torpedo Launcher.ldr
0 Torpedo Launcher
0 Name: 7141 - Torpedo Launcher.ldr
0 Author: Daniel Goerner [TK-949]
0 !LDRAW_ORG Model
0 !LICENSE Redistributable under CCAL version 2.0 : see CAreadme.txt

1 8 0 0 0 0 0 -1 0 1 0 1 0 0 3001.dat
0 STEP
1 8 0 -24 -30 1 0 0 0 1 0 0 0 1 3700.dat
1 7 0 -24 10 0 0 -1 0 1 0 1 0 0 3002.dat
0 STEP
1 8 0 -32 0 0 0 -1 0 1 0 1 0 0 3020.dat
1 7 0 -14 -40 0 0 1 0 1 0 -1 0 0 4274.dat
0 STEP
1 1 0 -14 -64 1 0 0 0 0 -1 0 1 0 3062b.dat
1 1 0 -14 -88 1 0 0 0 0 -1 0 1 0 3062b.dat
1 33 0 -14 -112 1 0 0 0 0 -1 0 1 0 4589.dat



